Original Matrix

2.16326 0.357034 3.13293 1.48719 
2.50707 1.74597 -0.17879 3.65957 
1.96912 2.42536 2.49688 1.63767 
0.631957 1.50452 2.03462 2.63861 

Transpose Matrix

2.16326 2.50707 1.96912 0.631957 
0.357034 1.74597 2.42536 1.50452 
3.13293 -0.17879 2.49688 2.03462 
1.48719 3.65957 1.63767 2.63861 

M1xM1 Matrix

12.6838 11.2317 17.5619 13.5786 
11.7614 9.01581 14.5417 19.4814 
16.2919 13.4574 15.3019 20.2145 
10.8129 11.757 12.1597 16.7401 

